/**:
  ros__parameters:

    x: 2.237640682270641
    y: -5.639330744046203
    z: 0.6499999999999999
    yaw: 1.5219925176473272

    goal_x: -0.77
    goal_y: 4.62
    goal_z: 0.285