/**:
  ros__parameters:

    x: -1.0817212975012142
    y: -4.0851252875316195
    z: 0.6499999999999999
    yaw: 1.6179545641511699

    goal_x: 1.05
    goal_y: 3.81
    goal_z: 0.35